"280" "224" "165" "328" "205" "190" "222" "255" "179" "302" "233" "157" "254" "122" "172" "159" "31" "259" "149" "232" "15" "144" "156" "305" "221" "256" "151" "260" "208" "323" "313" "330" "325" "150" "322" "321" "315" "310" "229" "329" "304" "334" "281" "1001" "1002" "1003" "1004" "1005" "1006" "1007" "1008" "1009" "1010" "1011" "1012" "1013" "1014" "1015" "1016" "1017" "1018" "1019" "1020" "1021" "1022" "1023" "1024"
"280" 0 4158.36306403641 6946.12044071732 2784.13145540469 4730.03455450052 6627.31773239463 3664.05257531747 2265.25324619163 3982.24840194852 6238.43143350513 3957.81982790947 6011.78123193762 2858.9748159355 5321.17489721447 6345.18503994341 5258.61331469027 7000.43482077736 5205.37737402526 6930.06085004291 5725.38342506444 5194.95323673406 5875.03340422295 5823.66565576555 6199.18981813681 5095.39200207385 1661.21677440839 6110.75989706039 2440.82599042116 2729.15012003724 2587.70630775985 1320.87376368066 3643.90096130732 6658.75916207783 5654.56436792906 2323.06960243445 483.596891533161 1007.42248283993 893.215631166378 6094.46293259469 3317.0776450634 6303.41670488762 10672.0237329146 1377.45705045082 4479.75742526196 3557.82062269126 2242.67453126675 5493.08832400503 4430.27076924419 3461.6645107618 5014.15447541235 2314.06729533013 4739.00959324738 4221.18125111194 5558.64136711529 4248.9212878983 3456.93184661911 5094.85440911464 1408.61797869541 4213.53457382038 2893.17941245535 2083.04721458123 4833.44639006134 3176.55328923608 5164.80500053404 916.963616792502 5636.87672452704 3131.85218492605
"224" 4158.36306403641 0 3104.68473878375 6903.33155605279 7719.83831982909 2953.07853087034 6926.81447906999 2397.16766385382 451.408920569202 5581.66552162468 2172.3817803264 2099.10557419963 2863.52280542829 8258.84916223848 2537.20003062829 7752.90315288335 7495.44271990644 1097.84899646157 7052.94923619991 1575.57389510238 2678.54508307695 1775.97275245395 3280.34884167064 4894.24828168325 2282.82783109553 2644.29297687666 4315.44231355519 3072.45105817201 5869.03620282202 6735.4452041679 5479.21276790263 7699.25939673883 3741.28785363739 4225.44108847746 6469.73688931484 4270.49105740242 4738.79613521721 5004.81393275276 2819.10029155832 7431.49056593151 5960.57780310917 7954.94172062136 5169.04961275968 3999.34955659973 1338.55064205658 2934.53989588872 4716.88773924306 6596.85914998407 1412.06828648553 7168.27819157475 4719.76519581115 6061.47878188742 6974.91256632255 2272.26984114593 2792.06663929823 2819.23912536154 1103.14172050081 3470.18510828916 841.225322758989 1384.82332245736 5989.25785249255 1385.95831738096 2272.16443982676 2262.43777023707 3242.1214794083 1889.3389730244 4066.34390679823
"165" 6946.12044071732 3104.68473878375 0 9728.80801381871 9410.07763690402 490.261842976173 8888.17174347678 5487.75600342225 3070.65468578199 5246.67246109649 5039.52604842029 1005.60997056874 5949.84794469718 9852.30000347598 601.475667862895 9117.47304961417 7533.13214986264 2614.90099605097 6908.20931484324 1852.27134770332 2436.22261547529 2452.2968575274 2358.22949429891 4268.64631398146 4536.7664179294 5639.03865689027 3503.535037029 6176.7629568649 7920.89844383911 9405.10185245276 8229.06511658656 10583.9811808096 1921.60407845626 3834.64169462631 9254.56623155926 7162.38735316889 7683.54756636939 7694.02765818835 4331.16498693454 10261.6955348786 5752.51177503 8744.22926059661 7660.26767711486 4574.19533384584 3400.25693434459 5078.35541053175 4649.01151421615 7954.34015477647 4473.14512805264 8408.2779755935 6700.59339368621 7020.53314960252 8620.07875095666 1573.29227306979 5576.16241735901 5823.81553883587 2002.03112011852 6513.20328388314 3666.58091200172 4458.5020981675 8452.74493653779 3678.68970325459 4050.02135186716 2099.60341800654 6054.54733636178 3353.33344770159 5563.22266145933
"328" 2784.13145540469 6903.33155605279 9728.80801381871 0 4688.11419197493 9402.96949750904 3675.07112587921 4746.0005447716 6755.61232170574 8342.41817452386 6280.27277713753 8795.55348229137 4985.93986607232 5173.86560754242 9128.17960731291 5603.52407991741 8463.50569397202 7914.53598886726 8599.60542364678 8478.09668166365 7885.94418036113 8569.26188958689 8482.34785928025 8532.41688186759 7476.63981782643 4289.55859810189 8590.91277330448 4538.19683572331 3436.47635314022 909.245186096963 1524.63059677866 927.415513752104 9343.68580967539 8081.17024884841 516.464317043727 2636.28439280051 2237.13837589234 2091.46251340318 8507.6255061482 532.966506434379 8272.0777544067 12562.183366687 2443.18703404204 6796.02077212335 6334.84037709882 4854.56993048261 7739.55904763625 5318.3993103521 6020.58270250842 5736.53202116907 4015.02128557357 6151.2215828498 4624.17896815111 8319.76405139496 6374.18896561514 5553.59710540749 7871.68102975632 3624.66110879823 6852.00868875213 5575.52657494374 2049.58630624033 7408.79104199532 5867.59651455779 7903.63564740637 3689.70971814938 8224.66870743179 5281.79843896565
"205" 4730.03455450052 7719.83831982909 9410.07763690402 4688.11419197493 0 8947.84351022988 1106.16806407736 6760.92206358579 7342.03708745687 5583.51316631549 8420.17263665752 8783.63901985549 7518.58638907211 591.616101388902 8901.28833929234 1028.97123386572 4580.62803516969 8795.82650945003 4995.47371426885 9000.56744203061 7002.73636041989 9451.75970208326 7312.17248725005 6268.10699470055 9411.04910783289 6089.41395568635 6730.39632658433 7133.0488545546 2026.52103297359 3783.96902949776 4208.63475808062 5350.33852508587 8152.48064155317 6174.76531004882 4369.30170872114 5106.78678593054 5304.25354672157 4075.54733132871 10301.2263434008 4869.94557010653 5254.03200624085 15213.4759417596 3385.89844882625 4982.16638524004 6507.21753740538 4785.63062467939 5451.73940553007 1627.34236589862 7687.50861878042 1553.80193414454 3011.92118747102 2833.12582800637 790.103300062473 7841.43881049562 8832.07714595298 8095.61558694759 8203.7375429934 6128.87673011367 8171.4737363503 6945.91472103007 2971.54309135014 8865.86125953756 5590.56711235577 7311.94152350688 5229.17560239846 9563.17535519131 3863.00436514356
"190" 6627.31773239463 2953.07853087034 490.261842976173 9402.96949750904 8947.84351022988 0 8446.67835552399 5291.40129501807 2851.41964216243 4767.70957371995 4994.70142728693 939.235762025316 5816.5951613748 9383.58060071885 473.978908390787 8640.19498670307 7050.47352774966 2639.22169476224 6429.74435401719 1921.18767544277 1957.93852419427 2602.48285768743 1870.06911909648 3794.56335951607 4605.69480792886 5389.84366885411 3029.38427301642 6012.38511693278 7491.96344910636 9047.71627941842 7893.19762384948 10270.9102737525 1494.42162990737 3348.05635114247 8921.12720844139 6867.20491052192 7400.77778981525 7349.60454423965 4507.82520399202 9935.14578269643 5271.63186759856 9084.30391256946 7283.66526947631 4089.93679440592 3069.51955043378 4689.96644657499 4160.22152610648 7479.90301605917 4354.96717595829 7928.11546981732 6273.95822447991 6535.68215831143 8157.74239639472 1138.17759191131 5559.97651819375 5739.16668408255 1864.79169787021 6277.23497522667 3599.09422684353 4259.49375892975 8067.20623281064 3703.91489326651 3652.55509784519 1650.70250066518 5750.15129758994 3483.30396652395 5111.12095319367
"222" 3664.05257531747 6926.81447906999 8888.17174347678 3675.07112587921 1106.16806407736 8446.67835552399 0 5765.82984093853 6578.50446312602 5644.630861639 7447.6296424866 8180.45194250844 6487.50481248597 1682.73938198842 8347.52687964565 1929.71295013963 5084.35544770567 8019.13565057348 5378.94527258034 8294.53536357521 6547.03346528629 8688.57639066441 6941.46141714018 6182.96250703136 8481.35240203136 5096.85077388369 6534.75525373915 6089.29819054871 1063.44533122274 2765.91172914257 3103.42292756339 4406.92083289627 7812.32935736762 5972.21104002934 3317.6029718337 4022.23676704812 4201.6751093479 2976.74309444156 9404.23590918607 3914.58224624961 5401.08450557581 14237.7614796264 2301.1090730597 4690.07001438298 5791.25671660041 4014.52916031915 5341.06591659139 1854.14440639137 6760.5044528129 2127.38551421122 2234.68962650427 2975.11778230053 983.191738142965 7316.15131310579 7829.36949663469 7073.2604735765 7515.00763325936 5070.63383454168 7307.30807443854 6039.48565532424 1868.73594579389 7995.65875546832 4922.50277899725 6796.03470857361 4228.06855930075 8724.64086924021 3349.79539330445
"255" 2265.25324619163 2397.16766385382 5487.75600342225 4746.0005447716 6760.92206358579 5291.40129501807 5765.82984093853 0 2440.99103940247 6593.97673241248 1700.81391339218 4485.10335754835 914.61877541768 7347.57696087783 4905.79118165205 7105.72587787128 7986.76463536282 3259.72906626164 7727.18081792879 3920.24559423357 4453.67201026437 3879.02380130664 5127.81809838566 6207.43569668739 2831.6998059056 671.515087846957 5847.71500480701 812.039176427994 4739.10871601913 4771.22299491339 3491.78306812177 5458.31866785147 5801.6003711465 5552.22007170921 4377.17749988774 2169.11886425621 2510.4983762835 3153.37715413146 3839.04903818562 5254.23060125368 6827.51041127568 8473.2262644661 3584.35239130444 4757.25085396652 2552.39517677027 2598.91664353234 5727.0262212031 6093.18642183918 1276.11118110477 6701.52383022255 3896.61340770296 6008.09869901749 6138.94016493518 4423.32076239678 2071.69371954709 1385.0155755038 3489.62057306545 1136.7091190041 2134.24416061503 1032.08476121455 4340.21850884931 2662.82109965739 2851.0562024024 4209.1886896623 1537.76143798443 3478.73256095406 3984.74588471317
"179" 3982.24840194852 451.408920569202 3070.65468578199 6755.61232170574 7342.03708745687 2851.41964216243 6578.50446312602 2440.99103940247 0 5144.85294438671 2504.97554767329 2082.29238387127 3029.9335171289 7873.25064297739 2478.49675912613 7344.97809804581 7044.58650402557 1454.68800790281 6605.08168269164 1773.61508406621 2309.89490080805 2112.58907611148 2939.26323404156 4478.5567955932 2720.74222876881 2572.43092128557 3923.15863436535 3180.17731054987 5527.03270197803 6532.85637590307 5297.22048064032 7578.5149336696 3472.69778880674 3806.45728360561 6304.92587489867 4142.03189391967 4640.80643409366 4799.05523042425 3269.22765754973 7287.11411430486 5517.4207735303 8405.10262171433 4907.69750678823 3548.40291969241 896.230827043147 2567.42166663393 4276.45423791538 6183.15315148446 1658.41853544593 6748.93312448665 4356.65161995098 5622.40816332441 6588.67319090323 2028.5980906569 3134.97941863925 3067.50801089113 1118.09459288563 3442.55122773831 1258.09311630827 1410.17873350136 5727.08569730961 1836.19234482259 1839.86836031367 1932.38136642283 3067.96777322888 2322.59137054699 3643.63237705059
"302" 6238.43143350513 5581.66552162468 5246.67246109649 8342.41817452386 5583.51316631549 4767.70957371995 5644.630861639 6593.97673241248 5144.85294438671 0 7506.48608567274 5163.18067264049 7487.25144246792 5798.61306647292 4992.08253749357 4864.73462779193 2296.63730344446 6226.0171547641 1662.07777175595 5926.15394626955 3153.95769265899 6640.00867685998 2920.33828898784 994.130019072948 7864.04643319003 6175.77488797837 1749.12932257994 7376.77203510196 5142.29831769311 7605.62827143138 6965.70898285149 9259.9545810684 3411.85737072733 1469.09979149597 7834.15049354439 6698.3196139676 7245.76733464169 6429.6081168553 8301.67098749198 8791.12033279611 514.818774643687 13367.9648624959 5910.02071003687 1846.91527731066 4385.64440600157 4171.59377953623 882.57000328673 3963.02778921911 6574.10499015993 4127.72954595021 4327.4084750063 2751.55660250353 4898.33810302373 4053.92404592331 8129.21579916499 7798.56714359378 5233.32947591783 6911.35437400149 6401.5747349568 5933.01126574379 6372.78397172218 6953.16040586367 3759.99422451804 3656.96357348978 5821.19958966271 7251.43101449152 3129.90172186205
"233" 3957.81982790947 2172.3817803264 5039.52604842029 6280.27277713753 8420.17263665752 4994.70142728693 7447.6296424866 1700.81391339218 2504.97554767329 7506.48608567274 0 4070.93700552207 1320.92950694464 9002.38513473568 4539.21052583216 8704.12190563145 9189.89220561586 2449.6274991166 8838.344876137 3220.39381706974 4814.81231511105 2873.54921063108 5439.48990996144 6929.46906987778 1197.81789913495 2357.07645963233 6414.41745551143 1751.95392310155 6408.78193185328 6405.28545240184 5139.58741429428 6901.76604440519 5909.92399929562 6253.77524197828 5960.78485738566 3813.49247981144 4062.86185096228 4838.98530318503 2229.61931043896 6762.66078900691 7825.11344372466 6794.03310234831 5285.11960362519 5763.41990314618 3127.00166342621 3960.46997869014 6624.33448761855 7642.64711987811 935.165603717648 8248.35958082057 5488.90706564372 7408.60040232228 7770.44803028662 4438.62188930132 632.375754034732 883.319524069836 3150.07830681037 2689.79923586055 1400.6902813427 1656.36065390017 6037.87806873917 1463.45643549836 3821.34149477019 4425.41193836243 3226.9304643046 2182.17675699234 5337.71660270128
"157" 6011.78123193762 2099.10557419963 1005.60997056874 8795.55348229137 8783.63901985549 939.235762025316 8180.45194250844 4485.10335754835 2082.29238387127 5163.18067264049 4070.93700552207 0 4947.10894225179 9257.90528280889 470.290249254805 8582.40218048445 7385.72936063924 1700.32688110023 6808.45626728614 1001.7739975022 2062.05334833784 1720.06065374866 2272.35965004671 4245.21774725655 3669.58830036477 4654.71914151773 3502.13841595897 5171.1651147056 7178.47540897864 8511.22679795058 7310.09004378147 9636.9154893803 2223.56349475007 3696.17040462139 8330.49539344682 6205.32866385296 6715.83968867599 6787.20492070989 3620.76794374909 9328.38925251851 5642.95144731527 8365.34423306137 6801.84798082564 4155.35864224283 2510.74309160047 4260.23261406476 4445.85267972981 7405.78271635784 3472.44223762305 7900.81847074547 5959.43631767659 6572.03437025471 7998.0569822585 1117.75999825501 4627.57749248362 4835.47062775444 996.809054159488 5521.17973425169 2683.11296101605 3457.55256101899 7607.25079443453 2764.68634492941 3268.11229495079 1596.06117866708 5109.029509716 2573.70975377968 4921.54876927345
"254" 2858.9748159355 2863.52280542829 5949.84794469718 4985.93986607232 7518.58638907211 5816.5951613748 6487.50481248597 914.61877541768 3029.9335171289 7487.25144246792 1320.92950694464 4947.10894225179 0 8109.10535302007 5395.74809308068 7923.856418305 8901.19520190927 3501.34172867053 8640.31096811002 4236.85878668151 5205.69039118399 4034.23285293292 5872.88597382344 7066.68549329646 2513.8342925407 1510.65712352459 6669.99829978271 451.571058630873 5492.36966338183 5168.61674049919 3929.21049542556 5585.32935180362 6487.19653266772 6403.84199215217 4690.31339133133 2625.16618982417 2796.33333669587 3697.98044909636 3543.93433212434 5458.70153235652 7731.49701249583 7819.70557658609 4232.19292331189 5657.11880251091 3327.3077495352 3512.31021373822 6615.53362244202 6944.83358273163 1479.66214425128 7552.26128974196 4736.9962288978 6906.94577879516 6932.70292579409 5057.93859009673 1418.55915202418 601.70979639963 3959.60869007414 1480.06298106498 2340.79051966954 1688.02692191466 4928.076528309 2667.41694983058 3731.78082801163 4910.87807698477 2309.9474061462 3448.17931971576 4895.03126962703
"122" 5321.17489721447 8258.84916223848 9852.30000347598 5173.86560754242 591.616101388902 9383.58060071885 1682.73938198842 7347.57696087783 7873.25064297739 5798.61306647292 9002.38513473568 9257.90528280889 8109.10535302007 0 9357.11666320216 963.315713693556 4566.67937236598 9327.92771704818 5046.67391523746 9509.79568786827 7429.74439591001 9978.58127817966 7703.87904299482 6544.65977146539 9983.89814860242 6676.07758533081 7052.38748710805 7724.39985401929 2616.74187728272 4279.35052140288 4774.59748876192 5788.816962552 8526.92915385493 6504.89733195236 4882.67457034525 5695.52427092099 5884.38796701282 4658.70756052827 10865.5764687072 5319.03247949539 5430.82118302523 15794.4642830307 3974.02230217503 5363.47688286422 7026.67140247582 5328.39699886484 5749.70177250465 1936.23937672393 8261.07463185664 1672.78525685815 3569.71841049484 3083.04769398345 1284.57745669225 8290.5287511883 9419.08359010328 8685.23523629373 8709.14956779967 6720.45545712282 8729.38175505425 7515.74649429327 3534.55526787272 9424.51897462756 6099.56682712915 7759.95088806989 5817.44408945307 10112.4004998214 4340.02769119318
"172" 6345.18503994341 2537.20003062829 601.475667862895 9128.17960731291 8901.28833929234 473.978908390787 8347.52687964565 4905.79118165205 2478.49675912613 4992.08253749357 4539.21052583216 470.290249254805 5395.74809308068 9357.11666320216 0 8647.01022396803 7250.902692286 2167.14867159427 6650.44030087362 1447.84164738924 2003.6391522617 2137.68778876178 2071.95494314596 4042.31778752847 4131.95410277038 5042.68771599273 3283.42869722476 5607.97862909896 7367.13207187407 8809.93533071406 7629.77386565016 9982.58766605679 1867.17550299077 3540.89259002149 8654.80238847094 6561.0540160582 7083.00462097544 7096.30511131925 4043.96223973583 9661.09466227707 5485.67185777874 8686.94467874252 7072.07253837762 4144.63737856643 2802.46531287605 4498.02483620149 4326.65629714674 7476.49139323075 3925.48819778512 7949.14312180779 6145.93152592455 6585.75525754864 8112.29528968099 1074.23984122774 5097.69207018254 5297.41385282093 1436.22575091889 5920.09178536866 3148.59239359419 3874.62397792006 7868.08531962598 3233.00134412519 3477.35519325725 1602.69966059639 5453.09028436103 3012.81317888907 5042.51413161871
"159" 5258.61331469027 7752.90315288335 9117.47304961417 5603.52407991741 1028.97123386572 8640.19498670307 1929.71295013963 7105.72587787128 7344.97809804581 4864.73462779193 8704.12190563145 8582.40218048445 7923.856418305 963.315713693556 8647.01022396803 0 3617.47619951487 8793.3827378179 4084.74595529772 8910.66727484452 6682.39478087795 9425.0172181591 6906.25682561653 5643.15980253288 9614.48081160036 6441.02073440051 6184.20313352886 7570.5608876679 2551.21650743671 4694.28534235387 4948.86823633207 6313.3698650002 7705.27961709328 5646.71036543475 5244.9577880195 5680.71398194009 5956.72783368065 4723.85036372107 10446.8297699377 5825.58072412373 4482.88248652399 15463.2473790588 4001.02418717085 4569.95412804786 6470.97133073274 4867.5814474597 4867.95746914503 1178.74662491295 7906.07548800403 747.758911470688 3216.61008470525 2194.70606313971 1056.02259772903 7573.75148516941 9167.0161586615 8476.55804607707 8104.65032098088 6613.54481479683 8291.87256530223 7145.04919777598 3747.7836740995 8986.25044500983 5525.78887591925 7044.32126795209 5614.12306514723 9632.46370678903 3722.09391654144
"31" 7000.43482077736 7495.44271990644 7533.13214986264 8463.50569397202 4580.62803516969 7050.47352774966 5084.35544770567 7986.76463536282 7044.58650402557 2296.63730344446 9189.89220561586 7385.72936063924 8901.19520190927 4566.67937236598 7250.902692286 3617.47619951487 0 8280.15469858012 692.606042047645 8075.46893635286 5333.4370044198 8760.1734778143 5188.19631745171 3289.91830683448 9735.96559760528 7444.53672457526 4044.74868261472 8694.28095987149 5027.68295876433 7605.67304260742 7337.43419533268 9315.30450720463 5708.15795062233 3710.74755333991 8000.80881437747 7484.0294965667 7956.25499823504 6893.98580168874 10297.4665874173 8820.16881994629 1784.1043213992 15420.5165116291 6228.36587358681 3496.21572002404 6193.24949125937 5390.74222299193 2940.91431580708 3235.34500547631 8261.73841002587 3040.16292558599 4727.82946534409 2331.0790290632 4133.52240894563 6268.12878318995 9782.05100276365 9314.06771236338 7334.06056780291 8009.43091639555 8264.80534933284 7542.22405440761 6415.12245323818 8880.68037120711 5376.35835928548 5825.37046277918 6868.37529948197 9285.18174211387 4031.67539760868
"259" 5205.37737402526 1097.84899646157 2614.90099605097 7914.53598886726 8795.82650945003 2639.22169476224 8019.13565057348 3259.72906626164 1454.68800790281 6226.0171547641 2449.6274991166 1700.32688110023 3501.34172867053 9327.92771704818 2167.14867159427 8793.3827378179 8280.15469858012 0 7784.78414895789 772.09252621055 3117.41247347742 679.765341163397 3588.04296351815 5428.10699845075 1974.56853191501 3626.14494135263 4760.01563816579 3806.49158859185 6963.07015517271 7791.37641438712 6524.08986380759 8680.93231138643 3803.39337120416 4791.21495734598 7497.53862837726 5278.86681617726 5713.62790550561 6067.38422035112 2097.53305878988 8437.80603550748 6650.78526223823 7150.34493781731 6257.93402891842 4816.28384298643 2324.16474197338 4016.15841448245 5400.51090236497 7627.69929160391 2048.98646850942 8187.17332301137 5804.86100767651 7020.44097966564 8043.35051141798 2402.14568651101 2963.95466871891 3277.58452111239 1022.63808646181 4385.13321540247 1163.29182234333 2339.30114622278 7077.55183388917 1067.56129528205 3272.76176404438 2625.01886026563 4294.65968904289 1028.5059856218 5081.93383440683
"149" 6930.06085004291 7052.94923619991 6908.20931484324 8599.60542364678 4995.47371426885 6429.74435401719 5378.94527258034 7727.18081792879 6605.08168269164 1662.07777175595 8838.344876137 6808.45626728614 8640.31096811002 5046.67391523746 6650.44030087362 4084.74595529772 692.606042047645 7784.78414895789 0 7537.15276325464 4773.89466305484 8236.70510583811 4579.85716157361 2644.79352405348 9317.20959672059 7220.78223290587 3407.20678425925 8463.91920510414 5188.68748987763 7769.90539876273 7388.84697718726 9476.66626613582 5058.855891849 3114.21217769309 8119.64656459741 7411.5831635039 7911.28169240241 6912.55075401654 9830.82890295681 8985.89023550875 1165.94545665339 14934.8678407095 6281.76728852155 3082.01991574799 5780.77076569509 5156.59630518304 2391.69296617704 3529.98872082436 7904.48213093442 3441.77003651125 4726.44318157966 2464.48824364429 4468.63910534082 5693.92696268887 9443.5829049905 9021.17680745563 6816.23338793066 7844.61109578439 7844.45659877718 7207.66474750078 6553.35340948655 8438.06271115288 5018.01601176134 5272.70020805044 6708.63914271171 8800.70274995513 3856.94413888527
"232" 5725.38342506444 1575.57389510238 1852.27134770332 8478.09668166365 9000.56744203061 1921.18767544277 8294.53536357521 3920.24559423357 1773.61508406621 5926.15394626955 3220.39381706974 1001.7739975022 4236.85878668151 9509.79568786827 1447.84164738924 8910.66727484452 8075.46893635286 772.09252621055 7537.15276325464 0 2772.21625593182 743.820852626823 3131.45776276212 5061.28810428211 2693.73002042842 4216.37497995722 4348.58855490378 4519.17874898335 7254.95017668078 8293.30933768405 7045.37569260845 9274.25276921265 3203.99291264668 4462.15461338381 8041.50682313466 5845.99906403915 6311.9964079536 6559.92527501327 2624.46672352646 9006.64053092726 6381.28890245443 7475.12513147475 6681.2682881366 4694.28703019904 2504.0072982026 4284.71859543432 5147.02662622509 7733.7901253788 2765.51532164253 8267.65615760339 6060.91919511188 7019.99447594425 8229.86205142314 1920.52488990348 3734.57127843453 4040.0226987747 806.51532532547 5023.54986128206 1898.93126924995 2942.18302229318 7500.53242563208 1827.66454896963 3410.83586387238 2269.27246235105 4808.42093664984 1571.98479429845 5191.21715188561
"15" 5194.95323673406 2678.54508307695 2436.22261547529 7885.94418036113 7002.73636041989 1957.93852419427 6547.03346528629 4453.67201026437 2309.89490080805 3153.95769265899 4814.81231511105 2062.05334833784 5205.69039118399 7429.74439591001 2003.6391522617 6682.39478087795 5333.4370044198 3117.41247347742 4773.89466305484 2772.21625593182 0 3489.88851291396 674.981314232976 2312.01533659207 4907.24146938662 4315.29055664105 1655.93295861911 5258.42932549241 5631.79942929786 7418.46843254175 6361.55333040728 8790.86937029814 1463.88596523139 1691.55379290868 7382.11696221087 5524.30601659885 6092.0152045371 5795.36111199906 5213.61643768325 8408.96815866624 3613.37203999658 10227.7527817049 5606.95214948572 2144.51019862446 1901.7590272212 3035.50946947603 2392.94284953967 5522.27862027901 3948.03068053271 5972.05655102328 4430.57198411005 4589.89650914696 6213.04774841874 949.771895783316 5444.81187231029 5334.240440736 2102.51354964808 5206.52178195605 3517.80983975686 3517.68024122712 6347.47013638975 3959.2274524072 2023.03436317257 503.502340998937 4413.65668458184 4145.37977059376 3197.4525118304
"144" 5875.03340422295 1775.97275245395 2452.2968575274 8569.26188958689 9451.75970208326 2602.48285768743 8688.57639066441 3879.02380130664 2112.58907611148 6640.00867685998 2873.54921063108 1720.06065374866 4034.23285293292 9978.58127817966 2137.68778876178 9425.0172181591 8760.1734778143 679.765341163397 8236.70510583811 743.820852626823 3489.88851291396 0 3871.97165752228 5790.51546980884 2128.84454278729 4279.87948841571 5084.98478130514 4371.76025415779 7634.42113472756 8462.2509612349 7191.99614760196 9323.13463306833 3938.62738797468 5181.41110077298 8158.81819459865 5935.99824855865 6357.86290229821 6741.0021426252 1906.2761388373 9090.17796506453 7086.63088418618 6741.83926309481 6937.46384029288 5337.88008265999 2956.56729256176 4679.86895608343 5845.02008969884 8254.5744382315 2631.32999411711 8805.8152711613 6469.14773521412 7605.80577332918 8694.2933539908 2660.69303439416 3306.92557972873 3741.48389685952 1427.12409429907 5012.55608012038 1747.32112330543 2995.94278806378 7756.98046777602 1410.46176486326 3899.23832482018 2986.50672461947 4966.83327798053 902.687273143231 5705.66755793338
"156" 5823.66565576555 3280.34884167064 2358.22949429891 8482.34785928025 7312.17248725005 1870.06911909648 6941.46141714018 5127.81809838566 2939.26323404156 2920.33828898784 5439.48990996144 2272.35965004671 5872.88597382344 7703.87904299482 2071.95494314596 6906.25682561653 5188.19631745171 3588.04296351815 4579.85716157361 3131.45776276212 674.981314232976 3871.97165752228 0 1976.65895313367 5455.97706969607 4987.54760597173 1229.98544795604 5931.69223762323 6075.05076620795 7981.44215913729 6960.48420147808 9393.97846982521 885.421955084675 1479.54707229259 7974.34620673581 6166.89045616454 6737.24590394298 6391.14920691151 5679.12311908487 9001.10852449021 3416.23066372587 10603.2428034424 6161.72477629067 2341.18329527123 2576.41138972509 3628.74405064655 2290.98193401481 5773.44315807399 4591.09997011355 6176.19548289315 4900.1990638525 4751.66385955618 6527.85415733458 1211.28026651777 6066.14508876984 5986.96498928821 2566.77700896824 5876.93530834415 4110.56944749708 4185.11931903832 6878.00184849451 4501.47818901191 2647.53242237578 1018.44119154535 5063.26831003827 4603.30956561872 3609.03988012795
"305" 6199.18981813681 4894.24828168325 4268.64631398146 8532.41688186759 6268.10699470055 3794.56335951607 6182.96250703136 6207.43569668739 4478.5567955932 994.130019072948 6929.46906987778 4245.21774725655 7066.68549329646 6544.65977146539 4042.31778752847 5643.15980253288 3289.91830683448 5428.10699845075 2644.79352405348 5061.28810428211 2312.01533659207 5790.51546980884 1976.65895313367 0 7166.9602862015 5872.63875847321 765.261306897845 7012.2613977155 5540.96503167477 7864.6804585769 7083.50299353762 9459.22061255339 2418.2509353156 675.695603402375 8016.84827968354 6630.61676374414 7197.41496419846 6524.22274638298 7522.44053680157 9010.52909049331 1508.75757135435 12532.2597215687 6091.52683398765 1742.09548374406 3814.23951328066 4002.18555465036 843.659355050934 4642.9497793986 6012.62904065515 4896.02952374329 4566.34942303719 3461.62097738117 5536.58124650842 3154.88050415408 7560.43501430185 7314.40276775712 4414.5180102711 6677.47255687233 5731.56636113293 5436.91790610451 6653.21864762746 6232.09538216015 3366.08007141629 2810.97915188801 5652.97612091936 6456.46773012948 3252.62698646508
"221" 5095.39200207385 2282.82783109553 4536.7664179294 7476.63981782643 9411.04910783289 4605.69480792886 8481.35240203136 2831.6998059056 2720.74222876881 7864.04643319003 1197.81789913495 3669.58830036477 2513.8342925407 9983.89814860242 4131.95410277038 9614.48081160036 9735.96559760528 1974.56853191501 9317.20959672059 2693.73002042842 4907.24146938662 2128.84454278729 5455.97706969607 7166.9602862015 0 3452.96050618847 6561.19431162731 2949.29692846302 7427.16222170566 7583.79158910464 6311.32504640928 8098.26234771813 5757.59755027338 6501.8802445576 7151.42107201872 4984.22813292322 5254.83840637151 5984.92710135138 1031.80334219066 7960.29623652729 8237.59462442305 5857.23720354113 6387.77854938476 6245.29380070038 3542.9956615199 4768.34191879512 6997.14142819231 8509.79302139954 1723.77907653905 9106.90073572036 6426.23838997828 8143.94908834213 8726.89637624336 4319.23745075969 1328.68856199351 2015.4586010112 2928.18913840536 3874.99278770498 1472.9032556698 2472.22898573128 7161.87495077429 955.165819093369 4395.99014335731 4449.21951827895 4308.61465498954 1259.66094910809 6082.77869558214
"256" 1661.21677440839 2644.29297687666 5639.03865689027 4289.55859810189 6089.41395568635 5389.84366885411 5096.85077388369 671.515087846957 2572.43092128557 6175.77488797837 2357.07645963233 4654.71914151773 1510.65712352459 6676.07758533081 5042.68771599273 6441.02073440051 7444.53672457526 3626.14494135263 7220.78223290587 4216.37497995722 4315.29055664105 4279.87948841571 4987.54760597173 5872.63875847321 3452.96050618847 0 5583.80242412995 1250.07027644036 4067.91618165741 4225.12287258441 2943.19155116935 5060.90281659357 5726.64160362909 5237.88574859183 3883.28195764149 1657.0927105977 2095.79005650374 2554.24695858639 4440.08476393908 4811.78716263444 6372.5505722555 9141.03482555097 2937.01046855777 4328.92140219427 2443.36845187345 2064.20867482005 5327.12368032668 5441.06684285774 1800.53305283578 6049.0998625702 3237.80305543775 5404.21259350606 5469.3415661383 4428.8651128974 2743.08899670693 2037.27171824283 3680.15079692723 900.415566153741 2575.91885743524 1286.94081521391 3709.76746715345 3177.03393036449 2514.54205670831 4141.80976227596 870.253367788459 3984.95217228396 3417.98851275026
"151" 6110.75989706039 4315.44231355519 3503.535037029 8590.91277330448 6730.39632658433 3029.38427301642 6534.75525373915 5847.71500480701 3923.15863436535 1749.12932257994 6414.41745551143 3502.13841595897 6669.99829978271 7052.38748710805 3283.42869722476 6184.20313352886 4044.74868261472 4760.01563816579 3407.20678425925 4348.58855490378 1655.93295861911 5084.98478130514 1229.98544795604 765.261306897845 6561.19431162731 5583.80242412995 0 6659.44066517095 5798.19517410505 7982.91429744041 7102.48650519957 9517.24398836266 1670.86521307777 562.600206861313 8074.73076677406 6513.11540741052 7086.92951410063 6533.550165959 6857.49737487075 9087.60780398258 2260.67475341411 11823.6472435003 6174.64172103699 1874.30507315184 3354.56829172435 3870.68098898076 1325.25580525667 5123.57316339325 5518.61282610758 5437.65883164561 4728.35378953188 3989.55641709162 5972.4011369231 2430.32090557676 7046.72710606919 6866.57706118806 3738.78783978922 6430.28466611034 5156.66013399736 5002.48712244041 6802.72098409399 5614.63184721418 3078.47518585464 2135.91024978527 5474.42960903489 5784.96193285959 3385.45238291373
"260" 2440.82599042116 3072.45105817201 6176.7629568649 4538.19683572331 7133.0488545546 6012.38511693278 6089.29819054871 812.039176427994 3180.17731054987 7376.77203510196 1751.95392310155 5171.1651147056 451.571058630873 7724.39985401929 5607.97862909896 7570.5608876679 8694.28095987149 3806.49158859185 8463.91920510414 4519.17874898335 5258.42932549241 4371.76025415779 5931.69223762323 7012.2613977155 2949.29692846302 1250.07027644036 6659.44066517095 0 5109.64191907041 4717.69925597661 3481.5965916459 5150.05395899146 6590.00423961127 6359.68335851243 4239.0783938009 2184.59971232527 2344.76277129424 3263.89967501524 3980.87382438285 5014.34309747856 7594.54381775187 8255.05651005995 3817.86105436638 5534.03204264241 3358.9896917893 3309.55748611303 6515.44656333944 6619.30119778263 1757.9703236331 7224.66551948787 4409.38232035144 6642.36713123697 6566.36726566509 5191.19722548274 1868.04859868891 1046.27280616453 4175.5912940495 1043.50388191565 2644.23104397872 1780.94077349327 4497.50462498041 3037.56961759458 3650.15383290861 5000.45843970125 1967.25310206541 3834.19115496873 4667.94719876238
"208" 2729.15012003724 5869.03620282202 7920.89844383911 3436.47635314022 2026.52103297359 7491.96344910636 1063.44533122274 4739.10871601913 5527.03270197803 5142.29831769311 6408.78193185328 7178.47540897864 5492.36966338183 2616.74187728272 7367.13207187407 2551.21650743671 5027.68295876433 6963.07015517271 5188.68748987763 7254.95017668078 5631.79942929786 7634.42113472756 6075.05076620795 5540.96503167477 7427.16222170566 4067.91618165741 5798.19517410505 5109.64191907041 0 2583.50953718027 2462.73340958923 4292.87935844149 6956.78300473689 5241.53074157157 2982.95857486445 3135.45205049015 3408.39204642607 2179.48526924039 8343.88187723982 3799.87376236078 4984.67746750954 13202.494290715 1452.69979979084 3924.81314128248 4755.53677534984 2970.30487937949 4700.88750255956 1928.07543484991 5704.71308005035 2431.91977582991 1221.21756691838 2726.9145237617 1500.14417554481 6355.39896500982 6808.967805892 6069.16174845084 6482.56806159223 4114.54825512892 6243.9308553935 4979.15744303933 1391.99029004711 6932.55451922973 3911.00712508206 5844.04773852848 3204.58978486494 7661.44510935467 2469.22682111921
"323" 2587.70630775985 6735.4452041679 9405.10185245276 909.245186096963 3783.96902949776 9047.71627941842 2765.91172914257 4771.22299491339 6532.85637590307 7605.62827143138 6405.28545240184 8511.22679795058 5168.61674049919 4279.35052140288 8809.93533071406 4694.28534235387 7605.67304260742 7791.37641438712 7769.90539876273 8293.30933768405 7418.46843254175 8462.2509612349 7981.44215913729 7864.6804585769 7583.79158910464 4225.12287258441 7982.91429744041 4717.69925597661 2583.50953718027 0 1282.60221585546 1709.92160370015 8857.51063927244 7455.12697563748 645.557679967577 2602.72246568521 2380.74563232345 1733.87804696206 8603.62862894835 1216.38376330918 7502.68594968648 12909.6511356753 1822.17336794272 6146.85069353579 6009.05732507777 4392.52254154125 7051.78403757037 4432.38242633031 6016.83845846612 4835.90324199747 3301.68480960494 5310.13699189553 3718.04502110678 7936.00345528785 6585.24766370156 5761.43476232577 7632.31484716169 3716.52843159777 6795.39073532752 5479.37204799696 1235.16271518812 7400.81979725384 5431.16283942404 7488.12798298369 3497.01080808282 8210.03391352742 4618.35947805285
"313" 1320.87376368066 5479.21276790263 8229.06511658656 1524.63059677866 4208.63475808062 7893.19762384948 3103.42292756339 3491.78306812177 5297.22048064032 6965.70898285149 5139.58741429428 7310.09004378147 3929.21049542556 4774.59748876192 7629.77386565016 4948.86823633207 7337.43419533268 6524.08986380759 7388.84697718726 7045.37569260845 6361.55333040728 7191.99614760196 6960.48420147808 7083.50299353762 6311.32504640928 2943.19155116935 7102.48650519957 3481.5965916459 2462.73340958923 1282.60221585546 0 2434.17874672402 7819.96110142632 6604.48716051322 1028.57718388814 1327.16573406871 1207.33642160625 571.491613364659 7327.86357755279 2050.92546912482 6942.66549908241 11718.8288387404 1109.68329244745 5341.55106535092 4829.7898681693 3331.8551260749 6312.26474091671 4381.33211481091 4734.29246472463 4894.26492036683 2678.62245004954 5007.20414187817 3897.60403628892 6802.42340373188 5347.6617116943 4527.84690813309 6406.36334295319 2459.05766415243 5515.52217884965 4203.08501015041 1240.5287881391 6118.30331900253 4342.98499975095 6381.16413405404 2237.36074227335 6927.86654228206 3854.44291490919
"330" 3643.90096130732 7699.25939673883 10583.9811808096 927.415513752104 5350.33852508587 10270.9102737525 4406.92083289627 5458.31866785147 7578.5149336696 9259.9545810684 6901.76604440519 9636.9154893803 5585.32935180362 5788.816962552 9982.58766605679 6313.3698650002 9315.30450720463 8680.93231138643 9476.66626613582 9274.25276921265 8790.86937029814 9323.13463306833 9393.97846982521 9459.22061255339 8098.26234771813 5060.90281659357 9517.24398836266 5150.05395899146 4292.87935844149 1709.92160370015 2434.17874672402 0 10251.1885493268 9008.37837351219 1443.82091546426 3436.62087325803 2967.39971033599 3004.9521855329 9129.09722883208 496.834765333735 9180.20681868264 12941.9587808993 3368.71802811386 7723.27702492372 7201.55066185324 5765.24228145731 8664.72419909065 6132.03434745793 6732.46757350875 6513.21472049877 4933.71513233155 7018.83872005142 5380.42594667458 9199.97092937935 6927.42455787283 6122.34517475383 8696.59629005104 4322.13019573829 7587.74973614484 6345.59357474563 2926.68597362654 8110.16563438786 6769.38313590952 8794.64964833011 4529.95516056646 8924.49346610966 6208.00909552035
"325" 6658.75916207783 3741.28785363739 1921.60407845626 9343.68580967539 8152.48064155317 1494.42162990737 7812.32935736762 5801.6003711465 3472.69778880674 3411.85737072733 5909.92399929562 2223.56349475007 6487.19653266772 8526.92915385493 1867.17550299077 7705.27961709328 5708.15795062233 3803.39337120416 5058.855891849 3203.99291264668 1463.88596523139 3938.62738797468 885.421955084675 2418.2509353156 5757.59755027338 5726.64160362909 1670.86521307777 6590.00423961127 6956.78300473689 8857.51063927244 7819.96110142632 10251.1885493268 0 2112.74671582712 8837.9761275483 6984.67690627844 7550.75996583694 7252.33860634838 5826.73705862469 9864.98712077988 3925.84671338606 10554.0667581269 7039.58673892921 3170.33317833998 3284.62407313098 4489.62018974607 2944.02065987206 6591.58545105098 5124.30268054709 6967.27123007661 5785.11750220284 5527.80899405127 7372.26219478993 1471.68623091313 6520.86311711361 6537.35627884996 2833.50649273929 6624.63517351318 4528.60703350082 4815.05784020723 7761.01466334366 4809.95311606722 3486.20381759607 1593.28733681026 5870.63594415475 4762.63885841339 4488.94191258699
"150" 5654.56436792906 4225.44108847746 3834.64169462631 8081.17024884841 6174.76531004882 3348.05635114247 5972.21104002934 5552.22007170921 3806.45728360561 1469.09979149597 6253.77524197828 3696.17040462139 6403.84199215217 6504.89733195236 3540.89259002149 5646.71036543475 3710.74755333991 4791.21495734598 3114.21217769309 4462.15461338381 1691.55379290868 5181.41110077298 1479.54707229259 675.695603402375 6501.8802445576 5237.88574859183 562.600206861313 6359.68335851243 5241.53074157157 7455.12697563748 6604.48716051322 9008.37837351219 2112.74671582712 0 7564.70927660659 6071.24017239632 6642.57361591971 6038.18687604112 6880.03740433793 8572.45292380848 1948.26744824677 11917.7611448082 5654.49355900491 1322.44812495626 3139.59294492063 3428.36571711296 832.697946956489 4572.90289036934 5337.19797186418 4901.81671558587 4185.67120304302 3454.08238081785 5413.95172186657 2585.08496214121 6884.7443613279 6643.16869175315 3786.03224613713 6059.13021586641 5061.14330116238 4766.30716868781 6265.98819559641 5571.22861040631 2724.17428317671 2195.02413908522 5061.83570166127 5819.43633936149 2844.88822252929
"322" 2323.06960243445 6469.73688931484 9254.56623155926 516.464317043727 4369.30170872114 8921.12720844139 3317.6029718337 4377.17749988774 6304.92587489867 7834.15049354439 5960.78485738566 8330.49539344682 4690.31339133133 4882.67457034525 8654.80238847094 5244.9577880195 8000.80881437747 7497.53862837726 8119.64656459741 8041.50682313466 7382.11696221087 8158.81819459865 7974.34620673581 8016.84827968354 7151.42107201872 3883.28195764149 8074.73076677406 4239.0783938009 2982.95857486445 645.557679967577 1028.57718388814 1443.82091546426 8837.9761275483 7564.70927660659 0 2227.08794839484 1898.29536678235 1587.22689019263 8178.95424995393 1027.01100041606 7770.63960159317 12366.6814026956 1929.59534909144 6279.97286741125 5856.34383910147 4348.35839835055 7225.4641164154 4888.45787410644 5644.35966545454 5331.13828662905 3507.19973226841 5680.33135998004 4239.35851413737 7830.98091539389 6097.12265972876 5272.67961450665 7417.922344187 3278.27629840635 6457.166935652 5162.97635820361 1591.12949115886 7033.97199061774 5366.62049190142 7408.37144109078 3237.35569296873 7848.51645358175 4766.90553013147
